//The matrixs related to PCA transforming
#ifndef PCA_matrix_h_
#define PCA_matrix_h_

//the mean of each dimension, using old features
static const double PCA_mean[25] = { 0.0732451433703702, 0.0462414182940343, 0.0510611885198192, 0.0444355304814386, 0.0540265951583493,
0.0603038114932313, 0.0676475483379984, 0.0750435526014818, 0.0736658339304703, 0.0761603765381055,
0.0689494871077467, 0.0471828463266495, 0.0140704245887999, -0.00788701871561509, -0.0170100087699279,
-0.0141345656332359, 0.0130532792184749, 0.0387729792815829, 0.0419774584072981, 0.0302002479323144,
0.0145258378120075, 0.0138126373607674, 0.0315631945090146, 0.0342587208216365, 0.0243720192714753 };

//the mean of each dimension, using new features
static const double PCA_mean_new[25] = { 0.0127717228265589, -0.00146571748551035, -5.56788111382409e-06, -0.00643003026459498, 0.00585865550154286,
0.0183525212813959, 0.0266947108597927, 0.0168524687309189, 0.00828337143785338, 0.0130174967497678,
0.0144194432736923, 0.00264203130528739, -0.0229611360543117, -0.0405861467688710, -0.0483482734047187,
-0.0441715532939384, -0.0241936434995200, -0.0260376433663221, -0.0250306839027202, -0.0237734171253532,
-0.0253390066206290, -0.0316221546991558, -0.0189327398555297, -0.0154329681286523, -0.0157027404652370 };

//the transform matrix, using old features
static const double PCA_coef[25][25] = { { 0.0459335238496977, -0.248443125621231, 0.108889017451376, 0.136829896564193, -0.0318697817831602, 0.585895508362308, 0.420032506283294, 0.455997299882155, -0.254036724948837, -0.109403937306283, 0.0271789818796432, -0.200449331092171, -0.153698560092013, -0.0491006922073654, 0.153879376523523, 0.0919912174837815, 0.00815238452306573, -0.00385535535703304, 0.0319370065641436, 0.0110969913027612, -0.000527972116610071, 0.00431451475521678, 0.00529933145031508, -0.00733091352271162, 0.00371082763520211 },
{ 0.00499789027115810, -0.224410667237560, 0.145294493226344, 0.0603890839799220, 0.129301117048723, 0.269600658844627, 0.156612183597356, -0.0838065157532889, 0.576366757771369, 0.617165045927472, -0.0518242191136655, -0.0800431137872476, 0.212876985728534, 0.0345555343174933, -0.0973704414020550, -0.136013318221099, -0.0799809439460961, -0.0185140410250402, 0.0140471840851298, -0.0143924673354545, -0.00778158346654801, -0.00134977430394637, 0.00300152731543677, -0.00335301134246449, -0.00110495561946986 },
{ -0.0114343199779951, -0.203722881400161, 0.164984512053096, 0.0618255323382975, 0.147325672914239, 0.0907981739070365, -0.0171970426090642, -0.293089795051716, 0.143466395171140, -0.354670467921317, 0.766412558892852, -0.149417259797186, -0.0263434254889241, 0.0885617928982365, -0.155406946686453, -0.118954159616898, 0.0281353307332875, 0.0576881480108711, -0.0502909455451268, -0.0376060570892899, 0.00619202139226828, -0.00639985901799112, -0.00308333777376130, 0.00968795619782843, 0.00240816134556520 },
{ -0.0352251525494053, -0.182960660935903, 0.199694409579689, 0.0325472878914260, 0.204316905622162, 0.146052847960214, 0.149089207398081, -0.0558302436954951, -0.0321409598224711, -0.279425296152772, -0.299599465174936, 0.605126362903689, 0.141504784860229, 0.293678135794706, -0.377251413272289, 0.00781080321880619, 0.176955790789388, 0.107347212358367, -0.0914546181655600, 0.00862886553628552, 0.0123749932109500, -0.00993260334912927, -0.0241798704263852, 0.0107197098351466, -0.000157960168612996 },
{ -0.0342209309376851, -0.199857075466919, 0.190454354239520, 0.0369424273472075, 0.200953200629056, -0.0227370414819530, -0.0503548076460670, -0.328329967279833, 0.169709424732519, 0.0201694581766407, -0.0881773198576942, 0.121582953327318, -0.424577027067126, -0.0564396971878709, 0.419030124797398, 0.522636766841064, 0.203197692064958, -0.0635299602327923, 0.157009134548981, 0.110544017010995, 0.0551446137159476, 0.0281720852296604, -0.000481014333412688, 0.00365231793371168, 0.00393557321497654 },
{ -0.0168146733930681, -0.233823771238063, 0.188688134541811, 0.0548272029078613, 0.163541740128545, -0.0237988306884304, -0.0499430111058558, -0.177332086857061, -0.158205759952624, -0.243506677947147, -0.146862605900368, -0.00887419347034599, 0.532730846181962, -0.253818960420262, 0.275634934114166, -0.0832905111087240, -0.352316447408999, -0.347842654436703, 0.239776223937086, -0.0623964325227907, -0.0268611989424114, 0.0221384139353168, 0.0179267030602853, -0.00547057114365503, -0.000927765175597548 },
{ 0.000387172592612047, -0.274591891995240, 0.175223640143230, 0.0589728892763813, 0.119855124732558, -0.0802672405930944, -0.117448145737862, -0.141021484996755, -0.150790340816460, 0.0347537333880485, -0.259164166293032, -0.0805282898253227, -0.524306502087333, -0.129836365622734, -0.0610846654652804, -0.396200595939173, -0.322822467448831, 0.0870737855624106, -0.325522265278553, -0.217353425447818, -0.143224408034071, 0.00938477448692472, 0.00401312859687130, -0.00929323873483278, -0.0128113752904042 },
{ 0.0260124277075854, -0.286468672953652, 0.151260082270676, 0.0220658062482854, 0.0654965399616555, -0.150881767433443, -0.154438918311555, -0.0182227956435690, -0.200663309315499, 0.0673720417942547, -0.121391313492803, -0.344319940129053, 0.333014551576521, -0.164616934348782, 0.0308185334841210, 0.0576827522175695, 0.376810939606644, 0.464111176521349, -0.276354494448126, 0.288552964449461, 0.0456471332806410, -0.0543873411588699, 0.0112544001038166, -0.00862092132387546, 0.00444255586175595 },
{ 0.0608798399768274, -0.301439494307741, 0.111342675869560, -0.0265810496312183, -0.0108187444399106, -0.208128485671461, -0.143327730308399, 0.126458190286264, -0.200949252870292, 0.148524177507201, -0.0221921729144304, -0.160775774503441, -0.183708446606671, 0.143506488351473, -0.380886688582127, -0.137870574816184, 0.151329782423812, -0.234134667520872, 0.579550604899401, 0.130273800805204, 0.262626466728662, -0.0657442279242711, 0.0145719337361157, 0.0250090731980620, 0.0210995398959219 },
{ 0.114749441009725, -0.315492769575003, 0.0555052790712939, -0.102248547381173, -0.0844595761750259, -0.218839205064921, -0.120902141369504, 0.227736341816599, -0.0830817156218033, 0.154862008497075, 0.132108855062156, -0.00290767759267857, 0.135702853698538, 0.209660464998572, -0.0391827797124981, 0.381323084788226, 0.0565400628578309, -0.118147144171149, -0.140909996429014, -0.571977726169967, -0.278000711842973, 0.212739071547968, -0.0859022356963912, 0.0118305478623413, -0.0190676477068035 },
{ 0.160140506113444, -0.284123125095663, 0.000863508351650969, -0.188221431869425, -0.107749873023896, -0.196514899839576, -0.0113677711420303, 0.248339329306705, 0.0647165057312478, 0.0382626855991491, 0.179803645285797, 0.242017042361047, -0.0325133645946114, 0.169823568632602, 0.128022644185369, 0.00161094934489990, -0.319324249700111, -0.144061751087375, -0.224987729299218, 0.626747313420894, -0.161048549376893, 0.0176884951428485, 0.0933347266396171, -0.0466417614467221, -0.00616680785706859 },
{ 0.187250040316374, -0.222211055085613, -0.0685012442881782, -0.264762989890033, -0.104577120233329, -0.156910317439435, 0.125122931402121, 0.140168782278236, 0.177066954947155, -0.0811763364149412, 0.0497970867359497, 0.192988194871733, 0.00855695975278744, -0.106930848623354, 0.232491105321830, -0.0942104963604997, -0.0289819416914867, 0.224378723437180, 0.0217504942427936, -0.319791114294389, 0.422300598473623, -0.519601225381645, 0.122868873820204, -0.0139586286758407, 0.0163050990743378 },
{ 0.207922957293181, -0.145383310941924, -0.138319089642216, -0.306913162892254, -0.0843330831452149, -0.0736308199487348, 0.204069125753347, -0.0132717342501839, 0.191473989352281, -0.167625448447900, -0.0646054359768024, 0.0314128020856342, -0.0420445070575088, -0.237406284170325, 0.0386491798678702, -0.203820216638383, 0.101992686599227, 0.182941188202324, 0.190565649371419, 0.0348479830267676, -0.0231670956607758, 0.525689309061908, -0.451908904946024, 0.184138229422140, 0.0211822529237232 },
{ 0.224177552624771, -0.0757880554590437, -0.195513706381906, -0.292969553699045, -0.0367055162851817, 0.0339473466515021, 0.205381250299682, -0.197348000072413, 0.0888521848025669, -0.148735570855830, -0.138424509815687, -0.156295447137163, -0.0312412181088765, -0.158124613499111, -0.184818015539269, 0.00963508836659371, 0.224534617519134, -0.157957058732362, 0.0359565537799869, -0.0136211578503682, -0.333417631432756, -0.00396648281913992, 0.507086287650979, -0.379341965855756, -0.115824730999551 },
{ 0.243683012311936, -0.0389399370135181, -0.220008711613139, -0.222902026561746, 0.00546504788297045, 0.148452906534412, 0.0974071203994795, -0.308405259038852, -0.103017669630060, -0.0207648482102873, -0.126781863903557, -0.238368518115004, 0.0138348794772938, 0.117334850575267, -0.173011193715758, 0.213881483606377, -0.0907873829260903, -0.260460557359423, -0.233339080172671, 0.0694751939525284, 0.0462461414832850, -0.312676884999821, -0.229229397078136, 0.447844824614120, 0.228902542662119 },
{ 0.274109086558296, -0.0280632858264404, -0.213450164572170, -0.116319237246450, 0.0601694705807028, 0.251712735267333, -0.131578724715620, -0.265284047304154, -0.264359768500024, 0.138681425263929, 0.00842791857401382, -0.0117462370054444, 0.0458419017038420, 0.321378285226603, 0.0782580225752960, 0.0681789959316601, -0.250489571588462, 0.213488804426204, 0.0432385893720574, -0.00956000675512839, 0.320365376380596, 0.201998409394913, -0.0893476929643576, -0.376314128083646, -0.318614714196101 },
{ 0.300539691864935, -0.00251190238062079, -0.167715278813720, -0.00298399778873839, 0.175687147916873, 0.267270869422324, -0.334185399597727, -0.00697070412841025, -0.172877997547189, 0.164324096393271, 0.118007671731078, 0.242464872946560, 0.0125456277661076, 0.0294825141166905, 0.211359545040202, -0.222926793790432, 0.153753402905624, 0.154865874133221, 0.194946102132316, -0.0412071537212319, -0.271212411244695, 0.0206229043754319, 0.269617381582245, 0.256288148334406, 0.377915146074228 },
{ 0.289872533179727, 0.0590900473203580, -0.0858230971797915, 0.0604234271368102, 0.340964600430169, 0.137079761942495, -0.337086286289654, 0.257730507162108, 0.106500660078773, -0.0284958996645688, 0.0497857817757650, 0.104528600718894, -0.0329320053526702, -0.321006090219795, -0.0789732526251062, -0.0356905287678770, 0.203745833161657, -0.277190656876764, -0.138900384298047, 0.0287898258334355, -0.0209612877834992, -0.197191050382259, -0.313037618740648, -0.0828209697520570, -0.408070787460879 },
{ 0.250916363181303, 0.125900368626289, -0.0396053440362755, 0.108389598639462, 0.449675622423573, -0.131592823390584, -0.0336039302517654, 0.262725765357423, 0.213531706641978, -0.174704057672585, -0.0874788960955015, -0.173489411543740, -0.0187571199616985, -0.0381936038824378, -0.172912421730686, 0.213147638710521, -0.231230317323745, 0.0626746904986844, -0.0669306548100060, -0.0137993935334763, 0.273775449294695, 0.244080544658140, 0.176265939112529, -0.128299047842133, 0.427855486988009 },
{ 0.251543808151072, 0.110987060818180, -0.0449426447369847, 0.251964721782235, 0.314372151603108, -0.313254944492530, 0.319882772707610, 0.0332860332049558, 0.0237461988181760, -0.0468434561270232, -0.0540214774927335, -0.157513556094354, 0.00536646119296569, 0.309127868443837, 0.133124324276070, -0.0460561608809443, -0.0654769687267685, 0.190264798582399, 0.188744082904141, 0.00131717803435130, -0.256573620148055, -0.127930008939528, 0.0598102530713465, 0.295712597567626, -0.404051521111905 },
{ 0.308496701905516, 0.0183016191433218, -0.0329449683553408, 0.412237365997447, -0.0733811759698554, -0.226737494383766, 0.329550234874706, -0.163825781320044, -0.152140764234749, 0.144629341728025, 0.0837597214607067, 0.111065465130553, 0.0151020312604869, 0.0289661974748193, 0.134487288897784, -0.178812766378812, 0.229442594045570, -0.210946904208018, -0.123816821653933, -0.00879131023269902, 0.0231829345541599, -0.0474792773937515, -0.256541403764927, -0.374122347038669, 0.324909380753109 },
{ 0.347145623620245, -0.0226661096393920, 0.0707750303432846, 0.389281841684507, -0.382979233909982, 0.00458418703016685, 0.00187471856719317, -0.125943298395473, -0.0193027535680952, 0.0523741788068328, 0.0539214757911797, 0.174170278996975, 0.00638906175190748, -0.311215325431037, -0.198125023016596, 0.148757868314694, -0.0719050142871951, -0.00786037076074631, -0.0849818226504180, 0.00309722106544710, 0.227016944555467, 0.210969539394332, 0.314036537439298, 0.328548919067482, -0.223961785060685 },
{ 0.311480155688375, 0.0791813605837386, 0.288122714854091, 0.135817225218377, -0.385212735420780, 0.118497161488602, -0.259433240495290, -0.00121762069559099, 0.227895896997437, -0.209483922373052, -0.151471763239708, -0.100655253336836, -0.00829092602515490, 0.0760319460760835, -0.0803600495558829, 0.126013424781051, -0.176181016903215, 0.240121424796758, 0.237920267011177, 0.0322962443249489, -0.298078434052026, -0.250385323864867, -0.233026725812477, -0.201452583597495, 0.125118471775231 },
{ 0.224633475298110, 0.246998099444123, 0.472717821939209, -0.206284806333003, -0.104252260610609, 0.0606796615717570, -0.0985337755478154, 0.0427867681540197, 0.105016550954906, -0.113150389458774, -0.123063079930449, -0.163306041401679, 0.00933393552926592, 0.330310170919564, 0.265521906866844, -0.261055872114613, 0.248959740227490, -0.262612159317034, -0.201998260560478, -0.0445951821112791, 0.209923645911104, 0.178445838642757, 0.138839535813169, 0.102275267550933, -0.0595947215975466 },
{ 0.158218232058306, 0.333727805537235, 0.501326639313061, -0.378297497540289, 0.177903218204920, -0.0541459224560969, 0.240607719627777, -0.0403944240699956, -0.288208416595384, 0.270115300394043, 0.202387638936014, 0.129866402867387, -0.0100213470630521, -0.272000354894885, -0.150124235508890, 0.128294513572679, -0.123941256220573, 0.113737483717208, 0.0727556014929853, 0.0140809749582050, -0.0812941894453231, -0.0643990586812566, -0.0476872510724249, -0.0315792216353239, 0.0173154646749525 } };


//the transform matrix, using new features
static const double PCA_coef_new[25][25] = { { 0.0150805112715693, 0.101353868612241, 0.0577604375688580, 0.00849992585728309, -0.0392177100928572, -0.0755237931514586, -0.0690083735805951, 0.542566019685305, 0.584433651099654, 0.225988816205763, 0.358749992612624, -0.183411543946334, -0.116457200588613, 0.313448649544082, -0.0892208417225124, 0.0558519127199632, -0.0184225402054765, 0.0298224149976679, -0.0135168871429816, -0.0146273670297696, 0.00300655752034312, 0.00735878467995028, -0.00758546064494263, 0.000491554287594063, -0.00979883777926233 },
{ -0.00922189004747348, 0.117115487489984, 0.140531911446429, -0.0727339860176072, -0.0680879862420180, -0.134660178185919, -0.132673220937683, 0.443111760246500, 0.104168614807180, 0.0127910878029096, -0.323906180185831, 0.648768193860333, 0.0432808012441972, -0.261304269635265, 0.327172333218337, 0.0923342419309183, -0.0285411279544373, 0.0222324522489328, 0.0106322072033347, 0.00302184630345381, -0.0144580095124780, -0.0115873102906660, 0.00358579917998830, -0.00542549011047270, 0.00852503879516412 },
{ -0.0196827090717078, 0.116867424595268, 0.244933289045271, -0.146957326480409, -0.0824732480150018, -0.190355637055896, -0.103180448957102, 0.278608252581033, -0.121869724192087, -0.279881763499212, -0.401768900345088, -0.532247351802297, -0.402562525247006, -0.175955852709012, -0.0173308745359063, -0.142606292700080, 0.0912448621517642, -0.103062630886610, -0.0229908484812504, 0.0179080437664745, 0.0348176303730399, 0.00285353242466832, -0.00185467391702424, 0.0194695270339143, 0.0107120725344848 },
{ -0.0452857827976219, 0.122302402777162, 0.315921719984774, -0.183174945312079, -0.109909919415592, -0.177893125149933, -0.0945543053131580, 0.139099108750373, -0.115348075210497, -0.166928138867340, 0.195939011547123, -0.000579604860513269, 0.658078885006558, -0.0998554312791677, -0.383928312148891, -0.305470222159458, 0.0711665691951469, 0.00173561109475921, 0.0885812497801274, 0.0200185475975542, -0.00929419017198150, -0.0146461892829629, 0.00228898902105547, -0.00788733233342010, -0.0248703098254228 },
{ -0.0114514815149054, 0.177590381942935, 0.309563128722042, -0.160962814440492, -0.0369689279486609, -0.212690276077493, -0.0543146085235915, -0.0926098059998142, -0.295202983501806, -0.154386114098195, -0.00886586076664495, 0.124201014980408, -0.124329190903501, 0.541682032599366, -0.0921844770657167, 0.394465136253106, -0.352671913571821, 0.233674030798767, 0.0526030550942974, -0.0675628735247615, -0.0500573342109488, -0.0131398046067675, 0.00137384479570363, -0.00206147485517042, -0.00141690264176986 },
{ 0.0361014131254702, 0.246204318124675, 0.298268485611712, -0.119356533759441, 0.00142746318222842, -0.142638532909767, 0.0577464102368093, -0.169084890957775, -0.0793755947972454, 0.0858531175585145, 0.427954958689642, -0.165452232849938, 0.0768551900487245, -0.224979486995697, 0.504565783639910, 0.246810578249910, 0.109149400417130, -0.232968262730439, -0.314940999058201, -0.131504270707153, 0.0526550455493088, -0.0277287380199809, 6.93316723248544e-05, 0.0110569460996823, 0.00703520434951589 },
{ 0.0956664866225974, 0.298404681197799, 0.257966308353876, -0.0679535096030551, 0.0597232582134881, -0.0610342372974536, 0.139910399082826, -0.232092006394238, 0.00647786418174776, 0.214581431963060, 0.0457776292081868, 0.324033803969853, -0.358444744678103, 0.188833005060536, -0.145720090640442, -0.326064800295672, 0.433479183807331, -0.168933031077408, 0.0745071978972676, 0.270419369800144, -0.0748142349694472, 0.0628060443137060, -0.0172464866088446, 0.00386987376528085, 0.00749027280393914 },
{ 0.144159432699430, 0.320286880665043, 0.184994926474631, -0.0189495349234026, 0.0592528389255027, 0.0858247854160344, 0.176682180343287, -0.173933781642576, 0.168990513704189, 0.274291544480861, -0.0454828160698868, -0.169371185310028, -0.0122126813300491, -0.352979456200082, 0.0574335241202594, -0.0707885294730859, -0.326248654116659, 0.446288920742159, 0.430461742792830, 0.0474140758518490, 0.0867752778030952, 0.0255837884473016, 0.0223042901573489, -0.0143871557737554, 0.00756797638349910 },
{ 0.193746905294286, 0.323975508807476, 0.0800704404039227, 0.0432906073798279, 0.0575351651575714, 0.234783385696219, 0.126411327945845, -0.0974266535274894, 0.209502144846156, 0.0650906695249542, -0.343457538081700, 0.0519828804055536, 0.0941504915741011, 0.0362177321408978, -0.312783076061582, -0.0163901824893337, -0.142733456950065, -0.207860248313578, -0.408673569703830, -0.488353289191055, 0.109691402509060, -0.0808669715977208, 0.00228126083513128, -0.00586828289432667, -0.0233904681726427 },
{ 0.236748797123363, 0.300669217757347, -0.0315572914814886, 0.0823367807530431, 0.0101995919626540, 0.329570318462913, 0.0192247534145277, 0.0497478184836017, 0.0842681414923527, -0.200808411879107, -0.161809406938424, -0.148384145084525, 0.261557548585335, 0.0796162444550418, 0.0663435379496358, 0.281404322697599, 0.0378106631915356, -0.0812135983363722, -0.0821968984325935, 0.559188818243789, -0.381525424778509, 0.0516787937397125, -0.0407111501198161, 0.0536445448127603, 0.000532439892856895 },
{ 0.260004308569071, 0.243853754697373, -0.115330916206755, 0.0852656677207529, -0.0584535542156943, 0.309484144228658, -0.137851982064529, 0.111274014286448, -0.117781772407082, -0.304914219612894, 0.109281249582014, 0.0314646353939401, 0.0239913417098906, 0.175144863305984, 0.161472257567734, 0.0317895004098939, 0.253688442393541, -0.0562893997272072, 0.378903340333563, -0.177828259996973, 0.535773258269440, 0.103418710218661, 0.00493022659669432, -0.0553490734475479, 0.0106450068894103 },
{ 0.263849759886365, 0.167429574037968, -0.160588337752814, 0.0169132696395183, -0.139601028140553, 0.165737532828748, -0.289644482979023, 0.0724825671684147, -0.201019760003099, -0.0501780140837064, 0.231316220973254, 0.0401317902865268, -0.178532503647184, -0.0484369200506385, 0.0755471879477017, -0.284649373642946, -0.0107266161969054, 0.226230582274621, -0.0624899508104840, -0.251537970157832, -0.490147722648056, -0.371321783401546, 0.152564742522231, -0.0356877334667432, -0.00527493808372836 },
{ 0.257095407765748, 0.0725266691264499, -0.185371502143616, -0.0733065293624684, -0.219494468211201, -0.0361874462264883, -0.347990203250724, -0.00472271740005487, -0.169013788552110, 0.175395634764324, 0.121255353766154, 0.0506744050708100, -0.108009039411595, -0.131184539909270, -0.133753430297300, -0.0962481393626853, -0.251498634174458, 0.0442875515048657, -0.302451522374130, 0.174393025538987, 0.171897522027918, 0.475506816136117, -0.353331373110205, 0.134389206606325, 0.00277103671957407 },
{ 0.247212399743534, -0.0163201877734697, -0.177326891096240, -0.170981197177381, -0.233396393618899, -0.210725421017673, -0.255514025166345, -0.123840795926377, 0.0156640242036334, 0.279803536131406, -0.0918641455766728, -0.0405827583403204, 0.0282436037809073, -0.0641143217840232, -0.168104311746560, 0.232700747657904, -0.0466543019886585, -0.289309281542099, 0.116258099395792, 0.202968569532387, 0.169411551406808, -0.256031560432260, 0.475379110097052, -0.248304309195947, -0.00417207785642226 },
{ 0.250417825587323, -0.0666254721867470, -0.160008185324871, -0.212560406873003, -0.190755737257584, -0.287001582659032, -0.0402387055960790, -0.184425150837986, 0.183525514221846, 0.0928159717455389, -0.199975856259392, -0.0892401380470048, 0.146535232417474, 0.0858267560557397, 0.0723805814387722, 0.141422538837791, 0.287121837648484, 0.00836603528305119, 0.269430773457813, -0.268411511480193, -0.205825728313272, -0.0728157214496041, -0.417922381879710, 0.331975190266040, -0.0605779217984613 },
{ 0.275888634295729, -0.0762496455385352, -0.134828032341369, -0.205583727474228, -0.104883949065643, -0.248199736938199, 0.242793335033716, -0.112392207174330, 0.232112433063930, -0.260917904129638, -0.0773432738745323, -0.00892535772372338, 0.0939448038753219, 0.166276797226535, 0.226430639510398, -0.233391825808722, 0.0476251940164356, 0.282596130401929, -0.232518172938960, -0.00459226969609445, -0.00220361520795716, 0.274311986422658, 0.182660855703703, -0.409038678631141, 0.176260014667290 },
{ 0.285081315594005, -0.0958586041423433, -0.0964653587244321, -0.170660896347246, -0.0296747280559140, -0.0834356582830153, 0.414328339799639, 0.0735171098400433, 0.0588116457300133, -0.320586375820165, 0.185447150330843, 0.132519638179010, -0.127568653231530, -0.0680673629609740, -0.0223427883317219, -0.109984875599974, -0.273748300598848, -0.123467914985622, -0.0334463028710474, 0.174670364042024, 0.174311031295696, -0.270116261232382, 0.0689516125052000, 0.435972934660310, -0.272983861857771 },
{ 0.236440559021695, -0.170691220257572, 0.0251015281474846, -0.193186934951062, -0.0409708093838342, 0.142629155017560, 0.399495177373750, 0.262495841255169, -0.215400680485911, 0.0507266958788248, 0.148571763889562, 0.0509195606853648, -0.120268242739322, -0.201258640336293, -0.239550622143917, 0.242339461269310, -0.00172060805059365, -0.171813006836156, 0.157319828434445, -0.115187634695357, -0.178464466959947, 0.0554956814107163, -0.248268174111682, -0.334708619675054, 0.325008991919284 },
{ 0.130769750107139, -0.269175926198302, 0.181152924700695, -0.318082647025785, -0.0371164807703410, 0.332961721704136, 0.101236856124793, 0.183115660314930, -0.220130083836094, 0.328561826423334, -0.112732420521658, -0.0751217486826200, 0.0729608112768357, 0.0979217623936163, 0.0464427953942971, 0.0590561946316893, 0.246417442767888, 0.252496437693441, -0.131748761294498, -0.0436706993765812, 0.0280843392798532, 0.177290380336264, 0.276392790291733, 0.145789001400869, -0.389232374518119 },
{ 0.111273052897327, -0.281636445373265, 0.240870835897107, -0.342552939547066, 0.209380613126137, 0.278251576823170, -0.255225238517951, -0.0663365627211635, 0.0911636132310283, 0.0711299239223473, -0.0692382929772958, -0.0268720159947426, 0.0643323271062921, 0.183035751113933, 0.200231892111843, -0.221473182184667, -0.161656092549278, -0.0763102256927193, -0.0301696175675207, 0.136329468424228, 0.149346758385072, -0.296960326630385, -0.176299785769040, 0.0684600053995494, 0.445817136943832 },
{ 0.245366877131681, -0.191861992707823, 0.156581278010879, -0.0733560060119722, 0.505080591737313, -0.0286840780832142, -0.303175564017892, -0.104547409863728, 0.177541888265636, -0.192061098373725, 0.0763816556547464, 0.0436268867467191, -0.0727942523012128, -0.103359873395499, -0.0282096964262598, 0.0217795590012562, -0.111607208914398, -0.191038021232008, 0.155942061229109, -0.0967439289407610, -0.183894361905885, 0.225043650220204, -0.0279265175928605, -0.239457286614644, -0.442381715213009 },
{ 0.357508940678107, -0.0972041337855049, 0.0712324589445206, 0.299787423627567, 0.417444739473114, -0.252423496205672, -0.0734737541174427, 0.0744339801425685, -0.0695803211700003, -0.0134893671881141, 0.0219293420418374, 0.00929178882243673, 0.0117214662354485, -0.119897193283382, -0.184324461662404, 0.178147272293178, 0.222565187840269, 0.235421202268079, -0.109303113471919, -0.0192289771093801, 0.0581545413635269, 0.0384105341517625, 0.239625902891377, 0.329586078975374, 0.380631183854605 },
{ 0.301214752303459, -0.115637520661499, 0.143589111132190, 0.472113735181202, 0.0126857728793408, -0.200603953104058, 0.110424758953226, 0.135779365379982, -0.220108645176924, 0.210900143289796, -0.111196456847582, -0.0836322371498268, 0.122780874122367, 0.159754542368052, 0.138729730395629, -0.136110819549553, -0.0312671424210222, 0.0338416914077586, -0.0778715200259051, 0.123424476918208, 0.136901535124438, -0.297925596720924, -0.323233639119224, -0.296357502502151, -0.259752828100982 },
{ 0.149370361599557, -0.215494634520512, 0.298793598055905, 0.353940994900204, -0.360170641448884, 0.0329617398177395, 0.0377377887058851, -0.0345433030013627, 0.0107618757315506, 0.0445147585421195, -0.0277152978564907, -0.0159075641009638, 0.0354819752767107, 0.112369363026224, 0.158719385177884, -0.166462642700586, -0.241351899732066, -0.334841256564191, 0.206400232520559, -0.134129514937864, -0.207265019202672, 0.324163637576822, 0.259882561964397, 0.211875511191326, 0.148100232963135 },
{ 0.0363472917747677, -0.262304989853624, 0.367707620469680, 0.166453809105342, -0.427913980745889, 0.182947479833611, -0.131107052823599, -0.225987911579131, 0.290156305622813, -0.249781520948981, 0.0840285707925821, 0.101744571532646, -0.158067154379083, -0.199520282994557, -0.183472905833913, 0.213707081032978, 0.188139408330756, 0.249269015408151, -0.128707297790863, 0.0696280562157839, 0.101691349688149, -0.149776817594942, -0.105940268979441, -0.0892545306890558, -0.0555838034387443 } };


static const double PCA_mean_final[25] = { 0.0732451433703702, 0.0462414182940343, 0.0510611885198192, 0.0444355304814386, 0.0540265951583493, 0.0603038114932313, 0.0676475483379984, 0.0750435526014818, 0.0736658339304703, 0.0761603765381055,
0.0689494871077467, 0.0471828463266495, 0.0140704245887999, -0.00788701871561509, -0.0170100087699279, -0.0141345656332359, 0.0130532792184749, 0.0387729792815829, 0.0419774584072981, 0.0302002479323144,
0.0145258378120075, 0.0138126373607674, 0.0315631945090146, 0.0342587208216365, 0.0243720192714753 };

static const double PCA_coef_final[25][25] = { { 0.0459335238496977, -0.248443125621231, 0.108889017451376, 0.136829896564193, -0.0318697817831602, 0.585895508362308, 0.420032506283294, 0.455997299882155, -0.254036724948837, -0.109403937306283, 0.0271789818796432, -0.200449331092171, -0.153698560092013, -0.0491006922073654, 0.153879376523523, 0.0919912174837815, 0.00815238452306573, -0.00385535535703304, 0.0319370065641436, 0.0110969913027612, -0.000527972116610071, 0.00431451475521678, 0.00529933145031508, -0.00733091352271162, 0.00371082763520211 },
{ 0.00499789027115810, -0.224410667237560, 0.145294493226344, 0.0603890839799220, 0.129301117048723, 0.269600658844627, 0.156612183597356, -0.0838065157532889, 0.576366757771369, 0.617165045927472, -0.0518242191136655, -0.0800431137872476, 0.212876985728534, 0.0345555343174933, -0.0973704414020550, -0.136013318221099, -0.0799809439460961, -0.0185140410250402, 0.0140471840851298, -0.0143924673354545, -0.00778158346654801, -0.00134977430394637, 0.00300152731543677, -0.00335301134246449, -0.00110495561946986 },
{ -0.0114343199779951, -0.203722881400161, 0.164984512053096, 0.0618255323382975, 0.147325672914239, 0.0907981739070365, -0.0171970426090642, -0.293089795051716, 0.143466395171140, -0.354670467921317, 0.766412558892852, -0.149417259797186, -0.0263434254889241, 0.0885617928982365, -0.155406946686453, -0.118954159616898, 0.0281353307332875, 0.0576881480108711, -0.0502909455451268, -0.0376060570892899, 0.00619202139226828, -0.00639985901799112, -0.00308333777376130, 0.00968795619782843, 0.00240816134556520 },
{ -0.0352251525494053, -0.182960660935903, 0.199694409579689, 0.0325472878914260, 0.204316905622162, 0.146052847960214, 0.149089207398081, -0.0558302436954951, -0.0321409598224711, -0.279425296152772, -0.299599465174936, 0.605126362903689, 0.141504784860229, 0.293678135794706, -0.377251413272289, 0.00781080321880619, 0.176955790789388, 0.107347212358367, -0.0914546181655600, 0.00862886553628552, 0.0123749932109500, -0.00993260334912927, -0.0241798704263852, 0.0107197098351466, -0.000157960168612996 },
{ -0.0342209309376851, -0.199857075466919, 0.190454354239520, 0.0369424273472075, 0.200953200629056, -0.0227370414819530, -0.0503548076460670, -0.328329967279833, 0.169709424732519, 0.0201694581766407, -0.0881773198576942, 0.121582953327318, -0.424577027067126, -0.0564396971878709, 0.419030124797398, 0.522636766841064, 0.203197692064958, -0.0635299602327923, 0.157009134548981, 0.110544017010995, 0.0551446137159476, 0.0281720852296604, -0.000481014333412688, 0.00365231793371168, 0.00393557321497654 },
{ -0.0168146733930681, -0.233823771238063, 0.188688134541811, 0.0548272029078613, 0.163541740128545, -0.0237988306884304, -0.0499430111058558, -0.177332086857061, -0.158205759952624, -0.243506677947147, -0.146862605900368, -0.00887419347034599, 0.532730846181962, -0.253818960420262, 0.275634934114166, -0.0832905111087240, -0.352316447408999, -0.347842654436703, 0.239776223937086, -0.0623964325227907, -0.0268611989424114, 0.0221384139353168, 0.0179267030602853, -0.00547057114365503, -0.000927765175597548 },
{ 0.000387172592612047, -0.274591891995240, 0.175223640143230, 0.0589728892763813, 0.119855124732558, -0.0802672405930944, -0.117448145737862, -0.141021484996755, -0.150790340816460, 0.0347537333880485, -0.259164166293032, -0.0805282898253227, -0.524306502087333, -0.129836365622734, -0.0610846654652804, -0.396200595939173, -0.322822467448831, 0.0870737855624106, -0.325522265278553, -0.217353425447818, -0.143224408034071, 0.00938477448692472, 0.00401312859687130, -0.00929323873483278, -0.0128113752904042 },
{ 0.0260124277075854, -0.286468672953652, 0.151260082270676, 0.0220658062482854, 0.0654965399616555, -0.150881767433443, -0.154438918311555, -0.0182227956435690, -0.200663309315499, 0.0673720417942547, -0.121391313492803, -0.344319940129053, 0.333014551576521, -0.164616934348782, 0.0308185334841210, 0.0576827522175695, 0.376810939606644, 0.464111176521349, -0.276354494448126, 0.288552964449461, 0.0456471332806410, -0.0543873411588699, 0.0112544001038166, -0.00862092132387546, 0.00444255586175595 },
{ 0.0608798399768274, -0.301439494307741, 0.111342675869560, -0.0265810496312183, -0.0108187444399106, -0.208128485671461, -0.143327730308399, 0.126458190286264, -0.200949252870292, 0.148524177507201, -0.0221921729144304, -0.160775774503441, -0.183708446606671, 0.143506488351473, -0.380886688582127, -0.137870574816184, 0.151329782423812, -0.234134667520872, 0.579550604899401, 0.130273800805204, 0.262626466728662, -0.0657442279242711, 0.0145719337361157, 0.0250090731980620, 0.0210995398959219 },
{ 0.114749441009725, -0.315492769575003, 0.0555052790712939, -0.102248547381173, -0.0844595761750259, -0.218839205064921, -0.120902141369504, 0.227736341816599, -0.0830817156218033, 0.154862008497075, 0.132108855062156, -0.00290767759267857, 0.135702853698538, 0.209660464998572, -0.0391827797124981, 0.381323084788226, 0.0565400628578309, -0.118147144171149, -0.140909996429014, -0.571977726169967, -0.278000711842973, 0.212739071547968, -0.0859022356963912, 0.0118305478623413, -0.0190676477068035 },
{ 0.160140506113444, -0.284123125095663, 0.000863508351650969, -0.188221431869425, -0.107749873023896, -0.196514899839576, -0.0113677711420303, 0.248339329306705, 0.0647165057312478, 0.0382626855991491, 0.179803645285797, 0.242017042361047, -0.0325133645946114, 0.169823568632602, 0.128022644185369, 0.00161094934489990, -0.319324249700111, -0.144061751087375, -0.224987729299218, 0.626747313420894, -0.161048549376893, 0.0176884951428485, 0.0933347266396171, -0.0466417614467221, -0.00616680785706859 },
{ 0.187250040316374, -0.222211055085613, -0.0685012442881782, -0.264762989890033, -0.104577120233329, -0.156910317439435, 0.125122931402121, 0.140168782278236, 0.177066954947155, -0.0811763364149412, 0.0497970867359497, 0.192988194871733, 0.00855695975278744, -0.106930848623354, 0.232491105321830, -0.0942104963604997, -0.0289819416914867, 0.224378723437180, 0.0217504942427936, -0.319791114294389, 0.422300598473623, -0.519601225381645, 0.122868873820204, -0.0139586286758407, 0.0163050990743378 },
{ 0.207922957293181, -0.145383310941924, -0.138319089642216, -0.306913162892254, -0.0843330831452149, -0.0736308199487348, 0.204069125753347, -0.0132717342501839, 0.191473989352281, -0.167625448447900, -0.0646054359768024, 0.0314128020856342, -0.0420445070575088, -0.237406284170325, 0.0386491798678702, -0.203820216638383, 0.101992686599227, 0.182941188202324, 0.190565649371419, 0.0348479830267676, -0.0231670956607758, 0.525689309061908, -0.451908904946024, 0.184138229422140, 0.0211822529237232 },
{ 0.224177552624771, -0.0757880554590437, -0.195513706381906, -0.292969553699045, -0.0367055162851817, 0.0339473466515021, 0.205381250299682, -0.197348000072413, 0.0888521848025669, -0.148735570855830, -0.138424509815687, -0.156295447137163, -0.0312412181088765, -0.158124613499111, -0.184818015539269, 0.00963508836659371, 0.224534617519134, -0.157957058732362, 0.0359565537799869, -0.0136211578503682, -0.333417631432756, -0.00396648281913992, 0.507086287650979, -0.379341965855756, -0.115824730999551 },
{ 0.243683012311936, -0.0389399370135181, -0.220008711613139, -0.222902026561746, 0.00546504788297045, 0.148452906534412, 0.0974071203994795, -0.308405259038852, -0.103017669630060, -0.0207648482102873, -0.126781863903557, -0.238368518115004, 0.0138348794772938, 0.117334850575267, -0.173011193715758, 0.213881483606377, -0.0907873829260903, -0.260460557359423, -0.233339080172671, 0.0694751939525284, 0.0462461414832850, -0.312676884999821, -0.229229397078136, 0.447844824614120, 0.228902542662119 },
{ 0.274109086558296, -0.0280632858264404, -0.213450164572170, -0.116319237246450, 0.0601694705807028, 0.251712735267333, -0.131578724715620, -0.265284047304154, -0.264359768500024, 0.138681425263929, 0.00842791857401382, -0.0117462370054444, 0.0458419017038420, 0.321378285226603, 0.0782580225752960, 0.0681789959316601, -0.250489571588462, 0.213488804426204, 0.0432385893720574, -0.00956000675512839, 0.320365376380596, 0.201998409394913, -0.0893476929643576, -0.376314128083646, -0.318614714196101 },
{ 0.300539691864935, -0.00251190238062079, -0.167715278813720, -0.00298399778873839, 0.175687147916873, 0.267270869422324, -0.334185399597727, -0.00697070412841025, -0.172877997547189, 0.164324096393271, 0.118007671731078, 0.242464872946560, 0.0125456277661076, 0.0294825141166905, 0.211359545040202, -0.222926793790432, 0.153753402905624, 0.154865874133221, 0.194946102132316, -0.0412071537212319, -0.271212411244695, 0.0206229043754319, 0.269617381582245, 0.256288148334406, 0.377915146074228 },
{ 0.289872533179727, 0.0590900473203580, -0.0858230971797915, 0.0604234271368102, 0.340964600430169, 0.137079761942495, -0.337086286289654, 0.257730507162108, 0.106500660078773, -0.0284958996645688, 0.0497857817757650, 0.104528600718894, -0.0329320053526702, -0.321006090219795, -0.0789732526251062, -0.0356905287678770, 0.203745833161657, -0.277190656876764, -0.138900384298047, 0.0287898258334355, -0.0209612877834992, -0.197191050382259, -0.313037618740648, -0.0828209697520570, -0.408070787460879 },
{ 0.250916363181303, 0.125900368626289, -0.0396053440362755, 0.108389598639462, 0.449675622423573, -0.131592823390584, -0.0336039302517654, 0.262725765357423, 0.213531706641978, -0.174704057672585, -0.0874788960955015, -0.173489411543740, -0.0187571199616985, -0.0381936038824378, -0.172912421730686, 0.213147638710521, -0.231230317323745, 0.0626746904986844, -0.0669306548100060, -0.0137993935334763, 0.273775449294695, 0.244080544658140, 0.176265939112529, -0.128299047842133, 0.427855486988009 },
{ 0.251543808151072, 0.110987060818180, -0.0449426447369847, 0.251964721782235, 0.314372151603108, -0.313254944492530, 0.319882772707610, 0.0332860332049558, 0.0237461988181760, -0.0468434561270232, -0.0540214774927335, -0.157513556094354, 0.00536646119296569, 0.309127868443837, 0.133124324276070, -0.0460561608809443, -0.0654769687267685, 0.190264798582399, 0.188744082904141, 0.00131717803435130, -0.256573620148055, -0.127930008939528, 0.0598102530713465, 0.295712597567626, -0.404051521111905 },
{ 0.308496701905516, 0.0183016191433218, -0.0329449683553408, 0.412237365997447, -0.0733811759698554, -0.226737494383766, 0.329550234874706, -0.163825781320044, -0.152140764234749, 0.144629341728025, 0.0837597214607067, 0.111065465130553, 0.0151020312604869, 0.0289661974748193, 0.134487288897784, -0.178812766378812, 0.229442594045570, -0.210946904208018, -0.123816821653933, -0.00879131023269902, 0.0231829345541599, -0.0474792773937515, -0.256541403764927, -0.374122347038669, 0.324909380753109 },
{ 0.347145623620245, -0.0226661096393920, 0.0707750303432846, 0.389281841684507, -0.382979233909982, 0.00458418703016685, 0.00187471856719317, -0.125943298395473, -0.0193027535680952, 0.0523741788068328, 0.0539214757911797, 0.174170278996975, 0.00638906175190748, -0.311215325431037, -0.198125023016596, 0.148757868314694, -0.0719050142871951, -0.00786037076074631, -0.0849818226504180, 0.00309722106544710, 0.227016944555467, 0.210969539394332, 0.314036537439298, 0.328548919067482, -0.223961785060685 },
{ 0.311480155688375, 0.0791813605837386, 0.288122714854091, 0.135817225218377, -0.385212735420780, 0.118497161488602, -0.259433240495290, -0.00121762069559099, 0.227895896997437, -0.209483922373052, -0.151471763239708, -0.100655253336836, -0.00829092602515490, 0.0760319460760835, -0.0803600495558829, 0.126013424781051, -0.176181016903215, 0.240121424796758, 0.237920267011177, 0.0322962443249489, -0.298078434052026, -0.250385323864867, -0.233026725812477, -0.201452583597495, 0.125118471775231 },
{ 0.224633475298110, 0.246998099444123, 0.472717821939209, -0.206284806333003, -0.104252260610609, 0.0606796615717570, -0.0985337755478154, 0.0427867681540197, 0.105016550954906, -0.113150389458774, -0.123063079930449, -0.163306041401679, 0.00933393552926592, 0.330310170919564, 0.265521906866844, -0.261055872114613, 0.248959740227490, -0.262612159317034, -0.201998260560478, -0.0445951821112791, 0.209923645911104, 0.178445838642757, 0.138839535813169, 0.102275267550933, -0.0595947215975466 },
{ 0.158218232058306, 0.333727805537235, 0.501326639313061, -0.378297497540289, 0.177903218204920, -0.0541459224560969, 0.240607719627777, -0.0403944240699956, -0.288208416595384, 0.270115300394043, 0.202387638936014, 0.129866402867387, -0.0100213470630521, -0.272000354894885, -0.150124235508890, 0.128294513572679, -0.123941256220573, 0.113737483717208, 0.0727556014929853, 0.0140809749582050, -0.0812941894453231, -0.0643990586812566, -0.0476872510724249, -0.0315792216353239, 0.0173154646749525 }
};

#endif